1 6 6
     9.912453914964128e-01
    -1.674235066807960e-01
    -2.099775249402143e-01
     1.901993283607351e-16
    -2.406027020642697e-16
     9.283828778352113e-02
     3.267810266625839e-02
     4.547932137516740e-01
     7.996171709734858e-01
    -7.511565291581087e-16
     1.060779442833363e-15
    -7.047248656416295e-01
    -1.257546377772771e-16
    -3.448679913846737e-17
     6.643315871842385e-16
     9.999999999999997e-01
     1.611978555161647e-15
    -2.950426991911041e-17
     2.422524037596556e-16
    -5.584753379974873e-17
    -1.039188841642751e-15
    -8.059892246412644e-16
     9.999999999999998e-01
     1.069377097551962e-16
    -6.347089234814121e-03
     3.461999506901763e-01
    -6.121382651542344e-01
     5.559340329373266e-16
    -5.712391786779478e-16
    -9.810008197606856e-01
     4.470289177143087e-03
     5.487805706996745e-01
    -1.397933286815299e-01
     1.477541880069128e-16
    -3.435422252244890e-16
     1.187374389198739e+00
