2 4 2 4
   2.1655523504758082e-02
  -1.4179859797575528e-17
   1.8989761663175391e-17
  -2.3077181393343902e-03
   1.7928650047205341e-04
   2.4651487936177397e-18
   1.0158018816835951e-17
   5.0041486086476069e-04
  -1.4179859797575531e-17
   9.8179421676849246e-03
   8.0909729626580939e-18
   2.4348304141742066e-18
   3.6766900574436795e-18
   7.4926030634175182e-03
   6.1746593910050929e-18
   1.7623988386099927e-18
   1.8989761663175394e-17
   8.0909729626580862e-18
   9.8179421676849316e-03
  -9.7888902595235319e-18
  -2.8537013690904261e-18
   6.1746593910050960e-18
   7.4926030634175252e-03
  -9.5456180509425218e-18
  -2.3077181393344002e-03
   2.4348304141742147e-18
  -9.7888902595235365e-18
   8.4905654972420776e-03
   1.6694799982387828e-03
   6.5435866652529267e-19
  -1.8908994449941448e-17
   1.2774900273084617e-04
   1.7928650047204561e-04
   3.6766900574436849e-18
  -2.8537013690904376e-18
   1.6694799982387878e-03
   1.3012964645040530e-02
   1.6461221957664749e-18
  -3.5373774706146256e-17
  -3.4539802294988875e-02
   2.4651487936177432e-18
   7.4926030634175174e-03
   6.1746593910050945e-18
   6.5435866652528824e-19
   1.6461221957664695e-18
   2.3450665244853980e-02
   1.9325709523628343e-17
   3.5710540653595431e-17
   1.0158018816835948e-17
   6.1746593910050929e-18
   7.4926030634175252e-03
  -1.8908994449941451e-17
  -3.5373774706146262e-17
   1.9325709523628343e-17
   2.3450665244854008e-02
   6.4261080941837217e-17
   5.0041486086474301e-04
   1.7623988386100070e-18
  -9.5456180509424925e-18
   1.2774900273085853e-04
  -3.4539802294988868e-02
   3.5710540653595413e-17
   6.4261080941837229e-17
   1.2387125330569818e-01
