6 6 6
     0.000000000000000e+00
     0.000000000000000e+00
     0.000000000000000e+00
     0.000000000000000e+00
     0.000000000000000e+00
     0.000000000000000e+00
     0.000000000000000e+00
     0.000000000000000e+00
     0.000000000000000e+00
     0.000000000000000e+00
     0.000000000000000e+00
     0.000000000000000e+00
     0.000000000000000e+00
     0.000000000000000e+00
     0.000000000000000e+00
     0.000000000000000e+00
     0.000000000000000e+00
     0.000000000000000e+00
     0.000000000000000e+00
     0.000000000000000e+00
     0.000000000000000e+00
     0.000000000000000e+00
     1.590408042354215e-01
    -4.065010712937029e-02
     0.000000000000000e+00
     0.000000000000000e+00
     0.000000000000000e+00
    -1.590408042354215e-01
     0.000000000000000e+00
     0.000000000000000e+00
     0.000000000000000e+00
     0.000000000000000e+00
     0.000000000000000e+00
     4.065010712937029e-02
     0.000000000000000e+00
     0.000000000000000e+00
     0.000000000000000e+00
     0.000000000000000e+00
     0.000000000000000e+00
     0.000000000000000e+00
     0.000000000000000e+00
     0.000000000000000e+00
     0.000000000000000e+00
     0.000000000000000e+00
     0.000000000000000e+00
     0.000000000000000e+00
     0.000000000000000e+00
     0.000000000000000e+00
     0.000000000000000e+00
     0.000000000000000e+00
     0.000000000000000e+00
     0.000000000000000e+00
    -1.590408042354215e-01
     4.065010712937029e-02
     0.000000000000000e+00
     0.000000000000000e+00
     0.000000000000000e+00
     0.000000000000000e+00
     0.000000000000000e+00
     0.000000000000000e+00
     0.000000000000000e+00
     0.000000000000000e+00
     1.590408042354215e-01
     0.000000000000000e+00
     0.000000000000000e+00
     0.000000000000000e+00
     0.000000000000000e+00
     0.000000000000000e+00
    -4.065010712937029e-02
     0.000000000000000e+00
     0.000000000000000e+00
     0.000000000000000e+00
     0.000000000000000e+00
     0.000000000000000e+00
     0.000000000000000e+00
     0.000000000000000e+00
     0.000000000000000e+00
     0.000000000000000e+00
     0.000000000000000e+00
     0.000000000000000e+00
     0.000000000000000e+00
     0.000000000000000e+00
     0.000000000000000e+00
     0.000000000000000e+00
     0.000000000000000e+00
     0.000000000000000e+00
     0.000000000000000e+00
     1.590408042354215e-01
     0.000000000000000e+00
     0.000000000000000e+00
     0.000000000000000e+00
     0.000000000000000e+00
    -1.590408042354215e-01
     0.000000000000000e+00
     0.000000000000000e+00
     0.000000000000000e+00
     0.000000000000000e+00
     0.000000000000000e+00
     0.000000000000000e+00
     0.000000000000000e+00
     0.000000000000000e+00
     0.000000000000000e+00
     0.000000000000000e+00
     0.000000000000000e+00
     0.000000000000000e+00
     0.000000000000000e+00
     0.000000000000000e+00
     0.000000000000000e+00
     0.000000000000000e+00
     0.000000000000000e+00
     0.000000000000000e+00
     3.952337832727553e-02
     0.000000000000000e+00
     0.000000000000000e+00
     0.000000000000000e+00
     0.000000000000000e+00
     0.000000000000000e+00
     1.624904908417186e-02
     0.000000000000000e+00
     0.000000000000000e+00
     0.000000000000000e+00
     0.000000000000000e+00
     0.000000000000000e+00
     0.000000000000000e+00
     0.000000000000000e+00
     0.000000000000000e+00
    -3.952337832727553e-02
    -1.624904908417186e-02
     0.000000000000000e+00
     0.000000000000000e+00
    -1.416412555209728e-03
     0.000000000000000e+00
     0.000000000000000e+00
     0.000000000000000e+00
     0.000000000000000e+00
     1.416412555209727e-03
     0.000000000000000e+00
     0.000000000000000e+00
     0.000000000000000e+00
     0.000000000000000e+00
     0.000000000000000e+00
     0.000000000000000e+00
     0.000000000000000e+00
     0.000000000000000e+00
     0.000000000000000e+00
     0.000000000000000e+00
    -3.952337832727553e-02
     0.000000000000000e+00
     0.000000000000000e+00
     0.000000000000000e+00
     0.000000000000000e+00
     0.000000000000000e+00
    -1.624904908417186e-02
     0.000000000000000e+00
     0.000000000000000e+00
     0.000000000000000e+00
     3.952337832727553e-02
     1.624904908417186e-02
     0.000000000000000e+00
     0.000000000000000e+00
     1.416412555209728e-03
     0.000000000000000e+00
     0.000000000000000e+00
     0.000000000000000e+00
     0.000000000000000e+00
     0.000000000000000e+00
     0.000000000000000e+00
     0.000000000000000e+00
     0.000000000000000e+00
     0.000000000000000e+00
    -1.416412555209727e-03
     0.000000000000000e+00
     0.000000000000000e+00
     0.000000000000000e+00
     0.000000000000000e+00
     0.000000000000000e+00
     0.000000000000000e+00
     0.000000000000000e+00
     0.000000000000000e+00
     0.000000000000000e+00
     0.000000000000000e+00
     0.000000000000000e+00
     0.000000000000000e+00
     0.000000000000000e+00
     0.000000000000000e+00
     0.000000000000000e+00
     0.000000000000000e+00
     0.000000000000000e+00
     0.000000000000000e+00
     0.000000000000000e+00
     0.000000000000000e+00
     0.000000000000000e+00
     0.000000000000000e+00
     0.000000000000000e+00
     0.000000000000000e+00
     2.727669268545856e-02
     0.000000000000000e+00
     0.000000000000000e+00
     0.000000000000000e+00
     0.000000000000000e+00
    -2.727669268545856e-02
     0.000000000000000e+00
     0.000000000000000e+00
     0.000000000000000e+00
     0.000000000000000e+00
     0.000000000000000e+00
     0.000000000000000e+00
     0.000000000000000e+00
     0.000000000000000e+00
     0.000000000000000e+00
     0.000000000000000e+00
     0.000000000000000e+00
     0.000000000000000e+00
     0.000000000000000e+00
     0.000000000000000e+00
     0.000000000000000e+00
