3 6 6
     0.000000000000000e+00
     0.000000000000000e+00
     0.000000000000000e+00
    -3.952337832739271e-02
     0.000000000000000e+00
     0.000000000000000e+00
     0.000000000000000e+00
     0.000000000000000e+00
     0.000000000000000e+00
    -1.624904908417184e-02
     0.000000000000000e+00
     0.000000000000000e+00
     0.000000000000000e+00
     0.000000000000000e+00
     0.000000000000000e+00
     0.000000000000000e+00
     0.000000000000000e+00
     0.000000000000000e+00
     3.952337832739271e-02
     1.624904908417184e-02
     0.000000000000000e+00
     0.000000000000000e+00
    -4.757060001510551e-01
    -1.219503213881601e-01
     0.000000000000000e+00
     0.000000000000000e+00
     0.000000000000000e+00
     4.757060001510551e-01
     0.000000000000000e+00
     0.000000000000000e+00
     0.000000000000000e+00
     0.000000000000000e+00
     0.000000000000000e+00
     1.219503213881601e-01
     0.000000000000000e+00
     0.000000000000000e+00
     0.000000000000000e+00
     0.000000000000000e+00
     3.952337832739271e-02
     0.000000000000000e+00
     0.000000000000000e+00
     0.000000000000000e+00
     0.000000000000000e+00
     0.000000000000000e+00
     1.624904908417184e-02
     0.000000000000000e+00
     0.000000000000000e+00
     0.000000000000000e+00
    -3.952337832739271e-02
    -1.624904908417184e-02
     0.000000000000000e+00
     0.000000000000000e+00
     4.757060001510551e-01
     1.219503213881601e-01
     0.000000000000000e+00
     0.000000000000000e+00
     0.000000000000000e+00
     0.000000000000000e+00
     0.000000000000000e+00
     0.000000000000000e+00
     0.000000000000000e+00
     0.000000000000000e+00
    -4.757060001510551e-01
     0.000000000000000e+00
     0.000000000000000e+00
     0.000000000000000e+00
     0.000000000000000e+00
     0.000000000000000e+00
    -1.219503213881601e-01
     0.000000000000000e+00
     0.000000000000000e+00
     0.000000000000000e+00
     0.000000000000000e+00
     0.000000000000000e+00
     0.000000000000000e+00
     0.000000000000000e+00
     0.000000000000000e+00
     0.000000000000000e+00
     0.000000000000000e+00
     0.000000000000000e+00
     0.000000000000000e+00
     0.000000000000000e+00
     0.000000000000000e+00
     0.000000000000000e+00
     0.000000000000000e+00
     0.000000000000000e+00
     0.000000000000000e+00
    -5.043991053917234e-01
     0.000000000000000e+00
     0.000000000000000e+00
     0.000000000000000e+00
     0.000000000000000e+00
     5.043991053917234e-01
     0.000000000000000e+00
     0.000000000000000e+00
     0.000000000000000e+00
     0.000000000000000e+00
     0.000000000000000e+00
     0.000000000000000e+00
     0.000000000000000e+00
     0.000000000000000e+00
     0.000000000000000e+00
     0.000000000000000e+00
     0.000000000000000e+00
     0.000000000000000e+00
     0.000000000000000e+00
     0.000000000000000e+00
     0.000000000000000e+00
