2 6 6
     9.920206140570637e-01
    -1.143116499143141e-01
    -2.372433596531260e-01
     6.805357826601838e-17
     9.964499557225303e-17
    -9.925271629017113e-02
     2.985061992306050e-02
     1.671005973475990e-01
     9.335997786726625e-01
    -2.871883268256201e-16
    -7.172098014718864e-16
     6.659634120252681e-01
    -1.395147072952307e-16
     1.808369903736532e-17
     1.008900431261667e-16
     9.999999999999997e-01
     1.079213254305295e-15
     7.644815370127204e-17
     5.622041920056917e-16
    -2.604430371191624e-16
     8.293123796525876e-16
    -5.396066139177577e-16
     9.999999999999999e-01
     1.734042615239394e-16
     8.145242732049852e-04
     1.927605806582609e-01
    -4.398337320549995e-01
     1.030286218397145e-16
     1.172015035405465e-16
     1.107411187715691e+00
     4.447069015778009e-03
     8.200790714805491e-01
    -1.720556806996857e-01
     7.182841112844488e-17
     4.349797460399267e-16
    -1.014114192765029e+00
     9.922260521136496e-01
    -2.127995562479364e-01
     1.661815709432607e-01
    -1.338974662024739e-16
     1.204706849898665e-16
     7.677930227110863e-02
     3.054756121039370e-02
     6.805722090193402e-01
    -6.794594458751744e-01
     6.565009024524759e-16
     4.986407019735472e-16
    -6.466472440700028e-01
    -1.374169563828506e-16
    -2.211754407333783e-16
     1.550097017095094e-15
     1.000000000000000e+00
     1.330214104048688e-15
    -2.342211615521309e-17
     2.556916862835300e-16
     6.409170679444355e-16
     1.042520879077483e-15
    -6.651070520243441e-16
     9.999999999999999e-01
     1.582068450447202e-16
     1.049066242551237e-03
     3.368824160793225e-01
     6.931199691139375e-01
    -5.929684468062654e-16
    -9.068637122745339e-16
    -9.290125946664444e-01
    -4.075851097634781e-04
     3.660906499968721e-01
     2.092473753092281e-01
    -1.944832269356225e-16
    -7.351609703534228e-16
     1.246103213589136e+00
