1 1 5 5
   3.8171969205661493e-01
  -1.2605562736385792e-02
  -6.4743069494467408e-17
  -4.7833863274296157e-18
  -3.5241054120449242e-02
  -1.2605562736385785e-02
   3.8967581146500235e-01
   2.6803422577284557e-16
  -3.5126186520636144e-17
  -2.5796042238215425e-02
  -6.4743069494467408e-17
   2.6803422577284552e-16
   3.9637510816272370e-01
   2.6363187968594004e-16
   8.6442074405534428e-18
  -4.7833863274295679e-18
  -3.5126186520636119e-17
   2.6363187968594009e-16
   3.9637510816272364e-01
   5.9239712249740908e-17
  -3.5241054120449256e-02
  -2.5796042238215328e-02
   8.6442074405533704e-18
   5.9239712249740859e-17
   3.5226475931990608e-01
