2 4 1 5
   1.7782643092945808e-02
  -1.8481246952788750e-02
   1.3399203586934352e-17
  -5.1669885110661814e-18
  -3.4135019938603566e-03
  -7.7848383702834761e-18
   2.0778926180577958e-17
   9.7390317404407959e-03
   7.6997514406153409e-18
   1.4379074850318307e-18
   2.0155106586384686e-18
   1.5104845402077761e-17
   4.0329934479275629e-18
   9.7390317404407959e-03
   9.8121606145009025e-19
   1.1435618326453543e-02
   4.1777587904015745e-04
  -1.2535691808440327e-18
  -1.3491510205150901e-17
  -8.8536258583144373e-03
  -1.9928234013673113e-03
   9.1411031988239454e-04
  -5.7089790941816563e-19
   5.1503627387253565e-18
   1.1771525083923811e-04
  -2.9779921695544141e-18
   7.4242990733848538e-18
   4.3648978366599873e-03
   3.4509209233196828e-18
   1.3462335268844914e-18
   1.1101257559119673e-17
   4.2997012030777369e-18
   1.8075312664836110e-18
   4.3648978366599873e-03
  -2.8991421649337482e-18
  -3.3775885067021472e-03
   9.7549947829918444e-05
  -7.0862185961646214e-19
   1.2473256561061709e-17
  -1.8001208646000101e-04
