2 4 2 4
   2.3780789639209560e-02
  -6.4849238610724340e-18
   5.6870942768645869e-18
   4.4814329489564651e-03
  -1.5362195463622817e-03
  -1.0652794548919505e-18
   1.1196792137263130e-17
  -1.1458770472935192e-03
  -6.4849238610724309e-18
   9.7429416270132137e-03
   5.2573559988444691e-18
  -1.3069178127003641e-18
   3.1896410939134197e-19
   4.3851207919621453e-03
   2.3662402982442340e-18
  -1.3232745393320917e-18
   5.6870942768645800e-18
   5.2573559988444699e-18
   9.7429416270132171e-03
   3.9610959401174686e-18
   3.4593307871885568e-18
   2.3662402982442348e-18
   4.3851207919621471e-03
   5.1141683322868735e-18
   4.4814329489564729e-03
  -1.3069178127003680e-18
   3.9610959401174663e-18
   1.1631104100610225e-02
  -3.5915708667171432e-04
  -1.5563797770494784e-18
   1.0377978051263646e-17
  -2.2837235142955800e-04
  -1.5362195463622828e-03
   3.1896410939134524e-19
   3.4593307871885561e-18
  -3.5915708667171812e-04
   7.2787985959193585e-03
  -1.2146979810629084e-18
  -1.2557591292506457e-17
   2.5509180528445832e-02
  -1.0652794548919483e-18
   4.3851207919621453e-03
   2.3662402982442356e-18
  -1.5563797770494765e-18
  -1.2146979810629077e-18
   1.0688531009267022e-02
   5.7676023085885986e-18
  -8.1728241481979588e-18
   1.1196792137263138e-17
   2.3662402982442344e-18
   4.3851207919621479e-03
   1.0377978051263651e-17
  -1.2557591292506436e-17
   5.7676023085885986e-18
   1.0688531009267026e-02
  -6.7734759516644782e-17
  -1.1458770472935267e-03
  -1.3232745393320830e-18
   5.1141683322868350e-18
  -2.2837235142955209e-04
   2.5509180528445793e-02
  -8.1728241481979465e-18
  -6.7734759516644782e-17
   1.0194847781584722e-01
