12 6 6
     0.000000000000000e+00
     0.000000000000000e+00
     0.000000000000000e+00
     0.000000000000000e+00
     0.000000000000000e+00
     9.542507538113754e-03
     0.000000000000000e+00
     0.000000000000000e+00
     0.000000000000000e+00
     0.000000000000000e+00
     0.000000000000000e+00
     1.125515386690813e-02
     0.000000000000000e+00
     0.000000000000000e+00
    -1.272326433883373e-01
     0.000000000000000e+00
     0.000000000000000e+00
     0.000000000000000e+00
     0.000000000000000e+00
     0.000000000000000e+00
     0.000000000000000e+00
     6.361632169416867e-02
     0.000000000000000e+00
     0.000000000000000e+00
     0.000000000000000e+00
     0.000000000000000e+00
     0.000000000000000e+00
     0.000000000000000e+00
     6.361632169416867e-02
     2.239227160583264e-02
     9.542507538113754e-03
     1.125515386690813e-02
     0.000000000000000e+00
     0.000000000000000e+00
     2.239227160583264e-02
     3.423358159693270e-02
     0.000000000000000e+00
     0.000000000000000e+00
     0.000000000000000e+00
     0.000000000000000e+00
     0.000000000000000e+00
     0.000000000000000e+00
     0.000000000000000e+00
     0.000000000000000e+00
     0.000000000000000e+00
     0.000000000000000e+00
     0.000000000000000e+00
     0.000000000000000e+00
     0.000000000000000e+00
     0.000000000000000e+00
     0.000000000000000e+00
    -9.542448254125302e-02
     0.000000000000000e+00
     0.000000000000000e+00
     0.000000000000000e+00
     0.000000000000000e+00
    -9.542448254125302e-02
     0.000000000000000e+00
     0.000000000000000e+00
     0.000000000000000e+00
     0.000000000000000e+00
     0.000000000000000e+00
     0.000000000000000e+00
     0.000000000000000e+00
     0.000000000000000e+00
     0.000000000000000e+00
     0.000000000000000e+00
     0.000000000000000e+00
     0.000000000000000e+00
     0.000000000000000e+00
     0.000000000000000e+00
     0.000000000000000e+00
     0.000000000000000e+00
     0.000000000000000e+00
     0.000000000000000e+00
     0.000000000000000e+00
     0.000000000000000e+00
     0.000000000000000e+00
     0.000000000000000e+00
     0.000000000000000e+00
     0.000000000000000e+00
     0.000000000000000e+00
     0.000000000000000e+00
     0.000000000000000e+00
     0.000000000000000e+00
     0.000000000000000e+00
     0.000000000000000e+00
     0.000000000000000e+00
    -9.542448254125302e-02
    -1.825783552355349e-02
     0.000000000000000e+00
     0.000000000000000e+00
     0.000000000000000e+00
     0.000000000000000e+00
     0.000000000000000e+00
     0.000000000000000e+00
     0.000000000000000e+00
     0.000000000000000e+00
    -9.542448254125302e-02
     0.000000000000000e+00
     0.000000000000000e+00
     0.000000000000000e+00
     0.000000000000000e+00
     0.000000000000000e+00
    -1.825783552355349e-02
     0.000000000000000e+00
     0.000000000000000e+00
     0.000000000000000e+00
     0.000000000000000e+00
     0.000000000000000e+00
     0.000000000000000e+00
     0.000000000000000e+00
     0.000000000000000e+00
     9.542507538113754e-03
     0.000000000000000e+00
     0.000000000000000e+00
     0.000000000000000e+00
     0.000000000000000e+00
     0.000000000000000e+00
     1.125515386690813e-02
     0.000000000000000e+00
     0.000000000000000e+00
     6.361632169416867e-02
     0.000000000000000e+00
     0.000000000000000e+00
     0.000000000000000e+00
     0.000000000000000e+00
     0.000000000000000e+00
     0.000000000000000e+00
    -1.272326433883373e-01
     0.000000000000000e+00
     0.000000000000000e+00
     0.000000000000000e+00
     0.000000000000000e+00
     0.000000000000000e+00
     0.000000000000000e+00
     6.361632169416867e-02
     2.239227160583264e-02
     9.542507538113754e-03
     1.125515386690813e-02
     0.000000000000000e+00
     0.000000000000000e+00
     2.239227160583264e-02
     3.423358159693270e-02
     0.000000000000000e+00
     0.000000000000000e+00
     0.000000000000000e+00
     0.000000000000000e+00
     0.000000000000000e+00
     0.000000000000000e+00
     0.000000000000000e+00
     0.000000000000000e+00
     0.000000000000000e+00
     0.000000000000000e+00
     0.000000000000000e+00
     0.000000000000000e+00
     0.000000000000000e+00
     0.000000000000000e+00
     0.000000000000000e+00
     0.000000000000000e+00
     0.000000000000000e+00
     0.000000000000000e+00
     0.000000000000000e+00
     0.000000000000000e+00
     0.000000000000000e+00
     0.000000000000000e+00
    -9.542448254125302e-02
    -1.825783552355349e-02
     0.000000000000000e+00
     0.000000000000000e+00
     0.000000000000000e+00
    -9.542448254125302e-02
     0.000000000000000e+00
     0.000000000000000e+00
     0.000000000000000e+00
     0.000000000000000e+00
     0.000000000000000e+00
    -1.825783552355349e-02
     0.000000000000000e+00
     0.000000000000000e+00
     0.000000000000000e+00
     0.000000000000000e+00
     0.000000000000000e+00
     0.000000000000000e+00
     0.000000000000000e+00
    -1.908501507622751e-02
     0.000000000000000e+00
     0.000000000000000e+00
     0.000000000000000e+00
     0.000000000000000e+00
     0.000000000000000e+00
    -2.251030773381625e-02
     0.000000000000000e+00
     0.000000000000000e+00
     6.361632169416867e-02
     0.000000000000000e+00
     0.000000000000000e+00
     0.000000000000000e+00
     0.000000000000000e+00
     0.000000000000000e+00
     0.000000000000000e+00
     6.361632169416867e-02
     0.000000000000000e+00
     0.000000000000000e+00
     0.000000000000000e+00
     0.000000000000000e+00
     0.000000000000000e+00
     0.000000000000000e+00
    -1.272326433883373e-01
    -4.478454321166529e-02
    -1.908501507622751e-02
    -2.251030773381625e-02
     0.000000000000000e+00
     0.000000000000000e+00
    -4.478454321166529e-02
    -6.846716319386541e-02
     3.652589923151591e-02
     8.757973968818377e-03
     0.000000000000000e+00
     0.000000000000000e+00
     5.265566227038149e-03
     5.153949537023787e-03
     8.757973968818377e-03
     8.609806722348434e-03
     0.000000000000000e+00
     0.000000000000000e+00
     4.424923453051864e-03
     4.249649256837740e-03
     0.000000000000000e+00
     0.000000000000000e+00
    -5.219131993335291e-03
     0.000000000000000e+00
     0.000000000000000e+00
     0.000000000000000e+00
     0.000000000000000e+00
     0.000000000000000e+00
     0.000000000000000e+00
     1.644475112586063e-02
     0.000000000000000e+00
     0.000000000000000e+00
     5.265566227038149e-03
     4.424923453051864e-03
     0.000000000000000e+00
     0.000000000000000e+00
     1.360680501379915e-02
     6.764719346901926e-03
     5.153949537023787e-03
     4.249649256837740e-03
     0.000000000000000e+00
     0.000000000000000e+00
     6.764719346901926e-03
     0.000000000000000e+00
     0.000000000000000e+00
     0.000000000000000e+00
     0.000000000000000e+00
     0.000000000000000e+00
     0.000000000000000e+00
     0.000000000000000e+00
     0.000000000000000e+00
     0.000000000000000e+00
     0.000000000000000e+00
     0.000000000000000e+00
     0.000000000000000e+00
     0.000000000000000e+00
     0.000000000000000e+00
     0.000000000000000e+00
     0.000000000000000e+00
    -1.083194155959798e-02
     0.000000000000000e+00
     0.000000000000000e+00
     0.000000000000000e+00
     0.000000000000000e+00
    -1.083194155959798e-02
     0.000000000000000e+00
     0.000000000000000e+00
     0.000000000000000e+00
     0.000000000000000e+00
     0.000000000000000e+00
     0.000000000000000e+00
     0.000000000000000e+00
     0.000000000000000e+00
     0.000000000000000e+00
     0.000000000000000e+00
     0.000000000000000e+00
     0.000000000000000e+00
     0.000000000000000e+00
     0.000000000000000e+00
     0.000000000000000e+00
     0.000000000000000e+00
     0.000000000000000e+00
     5.337756743103238e-03
     0.000000000000000e+00
     0.000000000000000e+00
     0.000000000000000e+00
     0.000000000000000e+00
     0.000000000000000e+00
     2.313625491355055e-02
     0.000000000000000e+00
     0.000000000000000e+00
     0.000000000000000e+00
     5.337756743103238e-03
     2.313625491355055e-02
     0.000000000000000e+00
     0.000000000000000e+00
     1.888389866335276e-02
     2.306985837960328e-02
     0.000000000000000e+00
     0.000000000000000e+00
     0.000000000000000e+00
     0.000000000000000e+00
     0.000000000000000e+00
     0.000000000000000e+00
     0.000000000000000e+00
     0.000000000000000e+00
     1.888389866335276e-02
     0.000000000000000e+00
     0.000000000000000e+00
     0.000000000000000e+00
     0.000000000000000e+00
     0.000000000000000e+00
     2.306985837960328e-02
     0.000000000000000e+00
     0.000000000000000e+00
     0.000000000000000e+00
     3.652589923151591e-02
     8.757973968818377e-03
     0.000000000000000e+00
     0.000000000000000e+00
     5.265566227038149e-03
     5.153949537023787e-03
     8.757973968818377e-03
     8.609806722348434e-03
     0.000000000000000e+00
     0.000000000000000e+00
     4.424923453051864e-03
     4.249649256837740e-03
     0.000000000000000e+00
     0.000000000000000e+00
     1.644475112586063e-02
     0.000000000000000e+00
     0.000000000000000e+00
     0.000000000000000e+00
     0.000000000000000e+00
     0.000000000000000e+00
     0.000000000000000e+00
    -5.219131993335291e-03
     0.000000000000000e+00
     0.000000000000000e+00
     5.265566227038149e-03
     4.424923453051864e-03
     0.000000000000000e+00
     0.000000000000000e+00
     1.360680501379915e-02
     6.764719346901926e-03
     5.153949537023787e-03
     4.249649256837740e-03
     0.000000000000000e+00
     0.000000000000000e+00
     6.764719346901926e-03
     0.000000000000000e+00
     0.000000000000000e+00
     0.000000000000000e+00
     0.000000000000000e+00
     5.337756743103238e-03
     0.000000000000000e+00
     0.000000000000000e+00
     0.000000000000000e+00
     0.000000000000000e+00
     0.000000000000000e+00
     2.313625491355055e-02
     0.000000000000000e+00
     0.000000000000000e+00
     0.000000000000000e+00
     0.000000000000000e+00
     0.000000000000000e+00
     0.000000000000000e+00
     0.000000000000000e+00
     0.000000000000000e+00
     5.337756743103238e-03
     2.313625491355055e-02
     0.000000000000000e+00
     0.000000000000000e+00
     1.888389866335276e-02
     2.306985837960328e-02
     0.000000000000000e+00
     0.000000000000000e+00
     0.000000000000000e+00
     1.888389866335276e-02
     0.000000000000000e+00
     0.000000000000000e+00
     0.000000000000000e+00
     0.000000000000000e+00
     0.000000000000000e+00
     2.306985837960328e-02
     0.000000000000000e+00
     0.000000000000000e+00
    -7.305179846303182e-02
    -1.751594793763675e-02
     0.000000000000000e+00
     0.000000000000000e+00
    -1.053113245407630e-02
    -1.030789907404757e-02
    -1.751594793763675e-02
    -1.721961344469686e-02
     0.000000000000000e+00
     0.000000000000000e+00
    -8.849846906103733e-03
    -8.499298513675493e-03
     0.000000000000000e+00
     0.000000000000000e+00
    -1.122561913252534e-02
     0.000000000000000e+00
     0.000000000000000e+00
     0.000000000000000e+00
     0.000000000000000e+00
     0.000000000000000e+00
     0.000000000000000e+00
    -1.122561913252534e-02
     0.000000000000000e+00
     0.000000000000000e+00
    -1.053113245407630e-02
    -8.849846906103733e-03
     0.000000000000000e+00
     0.000000000000000e+00
    -2.721361002759830e-02
    -1.352943869380382e-02
    -1.030789907404757e-02
    -8.499298513675493e-03
     0.000000000000000e+00
     0.000000000000000e+00
    -1.352943869380382e-02
     0.000000000000000e+00
