3 6 6
     0.000000000000000e+00
     0.000000000000000e+00
    -3.591288480935153e-01
     0.000000000000000e+00
     0.000000000000000e+00
     0.000000000000000e+00
     0.000000000000000e+00
     0.000000000000000e+00
    -2.319588924422034e-01
     0.000000000000000e+00
     0.000000000000000e+00
     0.000000000000000e+00
     3.591288480935153e-01
     2.319588924422034e-01
     0.000000000000000e+00
     0.000000000000000e+00
     0.000000000000000e+00
     1.704966761032062e-01
     0.000000000000000e+00
     0.000000000000000e+00
     0.000000000000000e+00
     0.000000000000000e+00
     0.000000000000000e+00
     0.000000000000000e+00
     0.000000000000000e+00
     0.000000000000000e+00
     0.000000000000000e+00
     0.000000000000000e+00
     0.000000000000000e+00
     0.000000000000000e+00
     0.000000000000000e+00
     0.000000000000000e+00
    -1.704966761032062e-01
     0.000000000000000e+00
     0.000000000000000e+00
     0.000000000000000e+00
     0.000000000000000e+00
     0.000000000000000e+00
     0.000000000000000e+00
    -3.591288480935153e-01
     0.000000000000000e+00
     0.000000000000000e+00
     0.000000000000000e+00
     0.000000000000000e+00
     0.000000000000000e+00
    -2.319588924422034e-01
     0.000000000000000e+00
     0.000000000000000e+00
     0.000000000000000e+00
     0.000000000000000e+00
     0.000000000000000e+00
     0.000000000000000e+00
     0.000000000000000e+00
     0.000000000000000e+00
     3.591288480935153e-01
     2.319588924422034e-01
     0.000000000000000e+00
     0.000000000000000e+00
     0.000000000000000e+00
     1.704966761032062e-01
     0.000000000000000e+00
     0.000000000000000e+00
     0.000000000000000e+00
     0.000000000000000e+00
     0.000000000000000e+00
     0.000000000000000e+00
     0.000000000000000e+00
     0.000000000000000e+00
     0.000000000000000e+00
    -1.704966761032062e-01
     0.000000000000000e+00
     0.000000000000000e+00
     0.000000000000000e+00
     0.000000000000000e+00
     0.000000000000000e+00
     0.000000000000000e+00
    -3.591288480935153e-01
    -7.590259828536081e-02
     0.000000000000000e+00
     0.000000000000000e+00
     0.000000000000000e+00
     0.000000000000000e+00
    -2.319588924422034e-01
    -1.322420312414043e-01
     0.000000000000000e+00
     0.000000000000000e+00
     0.000000000000000e+00
     0.000000000000000e+00
     0.000000000000000e+00
     0.000000000000000e+00
     0.000000000000000e+00
     0.000000000000000e+00
     0.000000000000000e+00
     0.000000000000000e+00
     0.000000000000000e+00
     0.000000000000000e+00
     3.591288480935153e-01
     2.319588924422034e-01
     0.000000000000000e+00
     0.000000000000000e+00
     0.000000000000000e+00
    -9.859894187190466e-02
     7.590259828536081e-02
     1.322420312414043e-01
     0.000000000000000e+00
     0.000000000000000e+00
     9.859894187190466e-02
     0.000000000000000e+00
