2 2 4 4
   3.9565431606410983e-01
  -1.1812399898905230e-16
   1.3326615494777846e-16
   1.7645574344960991e-02
  -1.1812399898905227e-16
   3.9631891996347290e-01
   3.2660669733507418e-16
  -2.2302032739879262e-17
   1.3326615494777842e-16
   3.2660669733507428e-16
   3.9631891996347324e-01
  -1.8958073749921616e-17
   1.7645574344961019e-02
  -2.2302032739879290e-17
  -1.8958073749921563e-17
   3.6174303482360637e-01
  -1.1065300922020269e-02
   4.8237028465409692e-18
   3.7736366327771729e-18
  -3.6935347773419933e-03
   4.8237028465409592e-18
  -4.3670882948118137e-03
  -3.5989204983466548e-18
   6.4536826521995481e-18
   3.7736366327771760e-18
  -3.5989204983466648e-18
  -4.3670882948118189e-03
  -1.1406612242166400e-17
  -3.6935347773420090e-03
   6.4536826521995519e-18
  -1.1406612242166401e-17
   3.3176990025705943e-03
  -1.1065300922020273e-02
   4.8237028465409638e-18
   3.7736366327771722e-18
  -3.6935347773419942e-03
   4.8237028465409538e-18
  -4.3670882948118120e-03
  -3.5989204983466494e-18
   6.4536826521995488e-18
   3.7736366327771722e-18
  -3.5989204983466633e-18
  -4.3670882948118189e-03
  -1.1406612242166401e-17
  -3.6935347773420085e-03
   6.4536826521995542e-18
  -1.1406612242166404e-17
   3.3176990025706142e-03
   2.2375593736771909e-01
  -3.7259314024637155e-17
  -5.4992406533865796e-20
  -5.1340255763542092e-02
  -3.7259314024637136e-17
   2.7042309655959024e-01
   2.2285586178573555e-16
   4.9461322391032846e-17
  -5.4992406533872729e-20
   2.2285586178573545e-16
   2.7042309655959051e-01
   8.1476698031154984e-17
  -5.1340255763542078e-02
   4.9461322391032821e-17
   8.1476698031154984e-17
   4.5404589279270813e-01
