2 6 6
     3.379670975104162e+01
     1.151193882232058e+00
     0.000000000000000e+00
     0.000000000000000e+00
     0.000000000000000e+00
     3.187390956669948e-01
     1.151193882232058e+00
     3.921231872128240e-02
     0.000000000000000e+00
     0.000000000000000e+00
     0.000000000000000e+00
     1.085698873242281e-02
     0.000000000000000e+00
     0.000000000000000e+00
     0.000000000000000e+00
     0.000000000000000e+00
     0.000000000000000e+00
     0.000000000000000e+00
     0.000000000000000e+00
     0.000000000000000e+00
     0.000000000000000e+00
     0.000000000000000e+00
     0.000000000000000e+00
     0.000000000000000e+00
     0.000000000000000e+00
     0.000000000000000e+00
     0.000000000000000e+00
     0.000000000000000e+00
     0.000000000000000e+00
     0.000000000000000e+00
     3.187390956669948e-01
     1.085698873242281e-02
     0.000000000000000e+00
     0.000000000000000e+00
     0.000000000000000e+00
     3.006050347947925e-03
     3.205472966682371e-07
     8.308385981502868e-05
     0.000000000000000e+00
     0.000000000000000e+00
     1.445484639089638e-04
     1.030118942295517e-03
     8.308385981502868e-05
     2.153481821095436e-02
     0.000000000000000e+00
     0.000000000000000e+00
     3.746606019366915e-02
     2.670004042588047e-01
     0.000000000000000e+00
     0.000000000000000e+00
     0.000000000000000e+00
     0.000000000000000e+00
     0.000000000000000e+00
     0.000000000000000e+00
     0.000000000000000e+00
     0.000000000000000e+00
     0.000000000000000e+00
     0.000000000000000e+00
     0.000000000000000e+00
     0.000000000000000e+00
     1.445484639089638e-04
     3.746606019366915e-02
     0.000000000000000e+00
     0.000000000000000e+00
     6.518307480866502e-02
     4.645246186757130e-01
     1.030118942295517e-03
     2.670004042588047e-01
     0.000000000000000e+00
     0.000000000000000e+00
     4.645246186757130e-01
     3.310416423116201e+00
