2 2 4 4
   3.9457767121218085e-01
  -7.7487162781106438e-17
   9.3710474227529775e-17
  -1.0732869051337544e-02
  -7.7487162781106426e-17
   3.9635476964017324e-01
   2.1387566564711022e-16
   2.3288010451373785e-17
   9.3710474227529762e-17
   2.1387566564711020e-16
   3.9635476964017335e-01
   2.0988287607242543e-17
  -1.0732869051337510e-02
   2.3288010451373779e-17
   2.0988287607242519e-17
   3.8381929374311352e-01
  -8.8063123336553101e-03
   4.1118425892858037e-19
   5.6841286053476219e-18
   3.5975216876413208e-03
   4.1118425892857811e-19
  -3.7878810957489061e-03
  -2.0439657922645340e-18
  -3.2211780879276635e-18
   5.6841286053476219e-18
  -2.0439657922645336e-18
  -3.7878810957489044e-03
   1.8715434217673636e-18
   3.5975216876413161e-03
  -3.2211780879276597e-18
   1.8715434217673675e-18
   1.3511879788998412e-03
  -8.8063123336553119e-03
   4.1118425892857979e-19
   5.6841286053476234e-18
   3.5975216876413200e-03
   4.1118425892857671e-19
  -3.7878810957489087e-03
  -2.0439657922645406e-18
  -3.2211780879276631e-18
   5.6841286053476219e-18
  -2.0439657922645344e-18
  -3.7878810957489122e-03
   1.8715434217673648e-18
   3.5975216876413156e-03
  -3.2211780879276604e-18
   1.8715434217673678e-18
   1.3511879788998399e-03
   2.1550116297217103e-01
  -3.7104544337833247e-17
   4.9879246939381628e-17
   5.9315361018829345e-02
  -3.7104544337833240e-17
   2.6181852172515174e-01
   1.4127901289934065e-16
  -6.1677611945427129e-18
   4.9879246939381653e-17
   1.4127901289934065e-16
   2.6181852172515185e-01
  -1.0769662192294907e-16
   5.9315361018829317e-02
  -6.1677611945427160e-18
  -1.0769662192294911e-16
   4.2702661948304027e-01
