1 5 1 5
   1.9551594555014463e-02
  -1.0831670977485769e-02
   4.1773419267520120e-18
  -1.8273725946838332e-17
  -8.6492078929377107e-03
  -1.0831670977485773e-02
   1.5794709837630587e-02
   3.9412921961805043e-18
   1.7770721985355779e-17
  -2.9688149826335249e-04
   4.1773419267520197e-18
   3.9412921961804974e-18
   9.7351812054142610e-03
   6.4749376724558587e-18
   1.3618852715687519e-18
  -1.8273725946838317e-17
   1.7770721985355764e-17
   6.4749376724558595e-18
   9.7351812054142575e-03
   1.4113285270974528e-17
  -8.6492078929377332e-03
  -2.9688149826334110e-04
   1.3618852715687421e-18
   1.4113285270974537e-17
   6.7584110520589515e-03
