3 6 6
     0.000000000000000e+00
     0.000000000000000e+00
     1.472399751757835e-01
     0.000000000000000e+00
     0.000000000000000e+00
     0.000000000000000e+00
     0.000000000000000e+00
     0.000000000000000e+00
     1.803298319528472e+00
     0.000000000000000e+00
     0.000000000000000e+00
     0.000000000000000e+00
     1.472399751757835e-01
     1.803298319528472e+00
     0.000000000000000e+00
     0.000000000000000e+00
     0.000000000000000e+00
     3.288629018385296e-01
     0.000000000000000e+00
     0.000000000000000e+00
     0.000000000000000e+00
     0.000000000000000e+00
     0.000000000000000e+00
     0.000000000000000e+00
     0.000000000000000e+00
     0.000000000000000e+00
     0.000000000000000e+00
     0.000000000000000e+00
     0.000000000000000e+00
     0.000000000000000e+00
     0.000000000000000e+00
     0.000000000000000e+00
     3.288629018385296e-01
     0.000000000000000e+00
     0.000000000000000e+00
     0.000000000000000e+00
     0.000000000000000e+00
     0.000000000000000e+00
     0.000000000000000e+00
     1.472399751757835e-01
     0.000000000000000e+00
     0.000000000000000e+00
     0.000000000000000e+00
     0.000000000000000e+00
     0.000000000000000e+00
     1.803298319528472e+00
     0.000000000000000e+00
     0.000000000000000e+00
     0.000000000000000e+00
     0.000000000000000e+00
     0.000000000000000e+00
     0.000000000000000e+00
     0.000000000000000e+00
     0.000000000000000e+00
     1.472399751757835e-01
     1.803298319528472e+00
     0.000000000000000e+00
     0.000000000000000e+00
     0.000000000000000e+00
     3.288629018385296e-01
     0.000000000000000e+00
     0.000000000000000e+00
     0.000000000000000e+00
     0.000000000000000e+00
     0.000000000000000e+00
     0.000000000000000e+00
     0.000000000000000e+00
     0.000000000000000e+00
     0.000000000000000e+00
     3.288629018385296e-01
     0.000000000000000e+00
     0.000000000000000e+00
     0.000000000000000e+00
     0.000000000000000e+00
     0.000000000000000e+00
     0.000000000000000e+00
     1.472399751757835e-01
     3.670042892018478e-02
     0.000000000000000e+00
     0.000000000000000e+00
     0.000000000000000e+00
     0.000000000000000e+00
     1.803298319528472e+00
     9.392481470625584e-01
     0.000000000000000e+00
     0.000000000000000e+00
     0.000000000000000e+00
     0.000000000000000e+00
     0.000000000000000e+00
     0.000000000000000e+00
     0.000000000000000e+00
     0.000000000000000e+00
     0.000000000000000e+00
     0.000000000000000e+00
     0.000000000000000e+00
     0.000000000000000e+00
     1.472399751757835e-01
     1.803298319528472e+00
     0.000000000000000e+00
     0.000000000000000e+00
     0.000000000000000e+00
     1.431586498863414e+00
     3.670042892018478e-02
     9.392481470625584e-01
     0.000000000000000e+00
     0.000000000000000e+00
     1.431586498863414e+00
     3.013924196752275e+00
